START | Pos: [-13.707, 0.08012, 8.04988] | Rot: [0.0000, -0.8660, 0.0000, 0.5000]
left, Pos: [-13.7070, 0.0801, 8.0499], Rot: [0.0000, -0.7071, 0.0000, 0.7071]
left, Pos: [-13.7070, 0.0801, 8.0499], Rot: [0.0000, -0.5000, 0.0000, 0.8660]
left, Pos: [-13.7070, 0.0801, 8.0499], Rot: [0.0000, -0.2588, 0.0000, 0.9659]
left, Pos: [-13.7070, 0.0801, 8.0499], Rot: [0.0000, 0.0000, 0.0000, 1.0000]
left, Pos: [-13.7070, 0.0801, 8.0499], Rot: [0.0000, 0.2588, 0.0000, 0.9659]
left, Pos: [-13.7070, 0.0801, 8.0499], Rot: [0.0000, 0.5000, 0.0000, 0.8660]
left, Pos: [-13.7070, 0.0801, 8.0499], Rot: [0.0000, 0.7071, 0.0000, 0.7071]
left, Pos: [-13.7070, 0.0801, 8.0499], Rot: [0.0000, 0.8660, 0.0000, 0.5000]
stop, Pos: [-13.7070, 0.0801, 8.0499], Rot: [0.0000, 0.8660, 0.0000, 0.5000]
