START | Pos: [-14.52051, 0.12186, -7.90472] | Rot: [0.0000, -0.2588, 0.0000, -0.9659]
left, Pos: [-14.5205, 0.1219, -7.9047], Rot: [0.0000, -0.5000, 0.0000, -0.8660]
left, Pos: [-14.5205, 0.1219, -7.9047], Rot: [0.0000, -0.7071, 0.0000, -0.7071]
left, Pos: [-14.5205, 0.1219, -7.9047], Rot: [0.0000, -0.8660, 0.0000, -0.5000]
left, Pos: [-14.5205, 0.1219, -7.9047], Rot: [0.0000, -0.9659, 0.0000, -0.2588]
left, Pos: [-14.5205, 0.1219, -7.9047], Rot: [0.0000, -1.0000, 0.0000, 0.0000]
forward, Pos: [-14.5205, 0.1219, -7.6547], Rot: [0.0000, -1.0000, 0.0000, 0.0000]
forward, Pos: [-14.5205, 0.1219, -7.4047], Rot: [0.0000, -1.0000, 0.0000, 0.0000]
forward, Pos: [-14.5205, 0.1219, -7.1547], Rot: [0.0000, -1.0000, 0.0000, 0.0000]
stop, Pos: [-14.5205, 0.1219, -7.1547], Rot: [0.0000, -1.0000, 0.0000, 0.0000]
