START | Pos: [3.18055, 0.18678, -3.51576] | Rot: [0.0000, -0.7071, 0.0000, -0.7071]
left, Pos: [3.1806, 0.1868, -3.5158], Rot: [0.0000, -0.8660, 0.0000, -0.5000]
left, Pos: [3.1806, 0.1868, -3.5158], Rot: [0.0000, -0.9659, 0.0000, -0.2588]
left, Pos: [3.1806, 0.1868, -3.5158], Rot: [0.0000, -1.0000, 0.0000, -0.0000]
left, Pos: [3.1806, 0.1868, -3.5158], Rot: [0.0000, -0.9659, 0.0000, 0.2588]
left, Pos: [3.1806, 0.1868, -3.5158], Rot: [0.0000, -0.8660, 0.0000, 0.5000]
left, Pos: [3.1806, 0.1868, -3.5158], Rot: [0.0000, -0.7071, 0.0000, 0.7071]
left, Pos: [3.1806, 0.1868, -3.5158], Rot: [0.0000, -0.5000, 0.0000, 0.8660]
forward, Pos: [3.3971, 0.1868, -3.6408], Rot: [0.0000, -0.5000, 0.0000, 0.8660]
stop, Pos: [3.3971, 0.1868, -3.6408], Rot: [0.0000, -0.5000, 0.0000, 0.8660]
