START | Pos: [0.567, -2.9155, 14.0793] | Rot: [0.0000, 0.7071, 0.0000, -0.7071]
right, Pos: [0.5670, -2.9156, 14.0793], Rot: [0.0000, 0.8660, 0.0000, -0.5000]
right, Pos: [0.5670, -2.9156, 14.0793], Rot: [0.0000, 0.9659, 0.0000, -0.2588]
right, Pos: [0.5670, -2.9156, 14.0793], Rot: [0.0000, 1.0000, 0.0000, -0.0000]
right, Pos: [0.5670, -2.9156, 14.0793], Rot: [0.0000, 0.9659, 0.0000, 0.2588]
forward, Pos: [0.5240, -2.9156, 14.2958], Rot: [0.0000, 0.9659, 0.0000, 0.2588]
left, Pos: [0.5240, -2.9156, 14.2958], Rot: [0.0000, 1.0000, 0.0000, -0.0000]
forward, Pos: [0.5240, -2.9156, 14.5458], Rot: [0.0000, 1.0000, 0.0000, -0.0000]
forward, Pos: [0.5240, -2.9156, 14.7958], Rot: [0.0000, 1.0000, 0.0000, -0.0000]
stop, Pos: [0.5240, -2.9156, 14.7958], Rot: [0.0000, 1.0000, 0.0000, -0.0000]
