START | Pos: [6.018, -3.008, -6.1127] | Rot: [0.0000, 1.0000, 0.0000, -0.0000]
right, Pos: [6.0180, -3.0084, -6.1127], Rot: [0.0000, 0.9659, 0.0000, 0.2588]
right, Pos: [6.0180, -3.0084, -6.1127], Rot: [0.0000, 0.8660, 0.0000, 0.5000]
right, Pos: [6.0180, -3.0084, -6.1127], Rot: [0.0000, 0.7071, 0.0000, 0.7071]
right, Pos: [6.0180, -3.0084, -6.1127], Rot: [0.0000, 0.5000, 0.0000, 0.8660]
left, Pos: [6.0180, -3.0084, -6.1127], Rot: [0.0000, 0.7071, 0.0000, 0.7071]
forward, Pos: [5.7680, -3.0084, -6.1127], Rot: [0.0000, 0.7071, 0.0000, 0.7071]
forward, Pos: [5.5180, -3.0084, -6.1127], Rot: [0.0000, 0.7071, 0.0000, 0.7071]
forward, Pos: [5.2680, -3.0084, -6.1127], Rot: [0.0000, 0.7071, 0.0000, 0.7071]
stop, Pos: [5.2680, -3.0084, -6.1127], Rot: [0.0000, 0.7071, 0.0000, 0.7071]
