START | Pos: [1.8401, 0.16166, -1.93274] | Rot: [0.0000, -0.7071, 0.0000, -0.7071]
forward, Pos: [1.5901, 0.1617, -1.9327], Rot: [0.0000, -0.7071, 0.0000, -0.7071]
forward, Pos: [1.3401, 0.1617, -1.9327], Rot: [0.0000, -0.7071, 0.0000, -0.7071]
forward, Pos: [1.0901, 0.1617, -1.9327], Rot: [0.0000, -0.7071, 0.0000, -0.7071]
forward, Pos: [0.8401, 0.1617, -1.9327], Rot: [0.0000, -0.7071, 0.0000, -0.7071]
forward, Pos: [0.5901, 0.1617, -1.9327], Rot: [0.0000, -0.7071, 0.0000, -0.7071]
forward, Pos: [0.3401, 0.1617, -1.9327], Rot: [0.0000, -0.7071, 0.0000, -0.7071]
forward, Pos: [0.0901, 0.1617, -1.9327], Rot: [0.0000, -0.7071, 0.0000, -0.7071]
forward, Pos: [-0.1599, 0.1617, -1.9327], Rot: [0.0000, -0.7071, 0.0000, -0.7071]
stop, Pos: [-0.1599, 0.1617, -1.9327], Rot: [0.0000, -0.7071, 0.0000, -0.7071]
