START | Pos: [-4.59648, 0.13958, -8.32624] | Rot: [0.0000, -0.0000, 0.0000, -1.0000]
right, Pos: [-4.5965, 0.1396, -8.3262], Rot: [0.0000, 0.2588, 0.0000, -0.9659]
right, Pos: [-4.5965, 0.1396, -8.3262], Rot: [0.0000, 0.5000, 0.0000, -0.8660]
right, Pos: [-4.5965, 0.1396, -8.3262], Rot: [0.0000, 0.7071, 0.0000, -0.7071]
right, Pos: [-4.5965, 0.1396, -8.3262], Rot: [0.0000, 0.8660, 0.0000, -0.5000]
right, Pos: [-4.5965, 0.1396, -8.3262], Rot: [0.0000, 0.9659, 0.0000, -0.2588]
right, Pos: [-4.5965, 0.1396, -8.3262], Rot: [0.0000, 1.0000, 0.0000, -0.0000]
right, Pos: [-4.5965, 0.1396, -8.3262], Rot: [0.0000, 0.9659, 0.0000, 0.2588]
forward, Pos: [-4.7215, 0.1396, -8.1097], Rot: [0.0000, 0.9659, 0.0000, 0.2588]
stop, Pos: [-4.7215, 0.1396, -8.1097], Rot: [0.0000, 0.9659, 0.0000, 0.2588]
