START | Pos: [-13.707, 0.08012, 8.04988] | Rot: [0.0000, -0.7071, 0.0000, 0.7071]
forward, Pos: [-13.4570, 0.0801, 8.0499], Rot: [0.0000, -0.7071, 0.0000, 0.7071]
forward, Pos: [-13.2070, 0.0801, 8.0499], Rot: [0.0000, -0.7071, 0.0000, 0.7071]
left, Pos: [-13.2070, 0.0801, 8.0499], Rot: [0.0000, -0.5000, 0.0000, 0.8660]
forward, Pos: [-12.9905, 0.0801, 7.9248], Rot: [0.0000, -0.5000, 0.0000, 0.8660]
forward, Pos: [-12.7740, 0.0801, 7.7998], Rot: [0.0000, -0.5000, 0.0000, 0.8660]
forward, Pos: [-12.5575, 0.0801, 7.6748], Rot: [0.0000, -0.5000, 0.0000, 0.8660]
forward, Pos: [-12.3410, 0.0801, 7.5498], Rot: [0.0000, -0.5000, 0.0000, 0.8660]
forward, Pos: [-12.1245, 0.0801, 7.4248], Rot: [0.0000, -0.5000, 0.0000, 0.8660]
stop, Pos: [-12.1245, 0.0801, 7.4248], Rot: [0.0000, -0.5000, 0.0000, 0.8660]
