START | Pos: [-14.8719, 0.169, 5.2188] | Rot: [0.0000, 0.9659, 0.0000, 0.2588]
left, Pos: [-14.8719, 0.1690, 5.2188], Rot: [0.0000, 1.0000, 0.0000, -0.0000]
left, Pos: [-14.8719, 0.1690, 5.2188], Rot: [0.0000, 0.9659, 0.0000, -0.2588]
left, Pos: [-14.8719, 0.1690, 5.2188], Rot: [0.0000, 0.8660, 0.0000, -0.5000]
forward, Pos: [-14.6554, 0.1690, 5.3438], Rot: [0.0000, 0.8660, 0.0000, -0.5000]
forward, Pos: [-14.4389, 0.1690, 5.4688], Rot: [0.0000, 0.8660, 0.0000, -0.5000]
forward, Pos: [-14.2224, 0.1690, 5.5938], Rot: [0.0000, 0.8660, 0.0000, -0.5000]
forward, Pos: [-14.0058, 0.1690, 5.7188], Rot: [0.0000, 0.8660, 0.0000, -0.5000]
forward, Pos: [-13.7893, 0.1690, 5.8437], Rot: [0.0000, 0.8660, 0.0000, -0.5000]
left, Pos: [-13.7893, 0.1690, 5.8437], Rot: [0.0000, 0.7071, 0.0000, -0.7071]
forward, Pos: [-13.5393, 0.1690, 5.8437], Rot: [0.0000, 0.7071, 0.0000, -0.7071]
forward, Pos: [-13.2893, 0.1690, 5.8437], Rot: [0.0000, 0.7071, 0.0000, -0.7071]
forward, Pos: [-13.0393, 0.1690, 5.8437], Rot: [0.0000, 0.7071, 0.0000, -0.7071]
forward, Pos: [-12.7893, 0.1720, 5.8437], Rot: [0.0000, 0.7071, 0.0000, -0.7071]
forward, Pos: [-12.5393, 0.2196, 5.8437], Rot: [0.0000, 0.7071, 0.0000, -0.7071]
forward, Pos: [-12.2893, 0.2085, 5.8437], Rot: [0.0000, 0.7071, 0.0000, -0.7071]
forward, Pos: [-12.0393, 0.1690, 5.8437], Rot: [0.0000, 0.7071, 0.0000, -0.7071]
forward, Pos: [-11.7893, 0.1690, 5.8436], Rot: [0.0000, 0.7071, 0.0000, -0.7071]
forward, Pos: [-11.5393, 0.1690, 5.8436], Rot: [0.0000, 0.7071, 0.0000, -0.7071]
forward, Pos: [-11.2893, 0.1690, 5.8436], Rot: [0.0000, 0.7071, 0.0000, -0.7071]
forward, Pos: [-11.0393, 0.1690, 5.8436], Rot: [0.0000, 0.7071, 0.0000, -0.7071]
forward, Pos: [-10.7893, 0.1690, 5.8436], Rot: [0.0000, 0.7071, 0.0000, -0.7071]
forward, Pos: [-10.5393, 0.1690, 5.8436], Rot: [0.0000, 0.7071, 0.0000, -0.7071]
forward, Pos: [-10.2893, 0.1690, 5.8436], Rot: [0.0000, 0.7071, 0.0000, -0.7071]
forward, Pos: [-10.0393, 0.1690, 5.8436], Rot: [0.0000, 0.7071, 0.0000, -0.7071]
forward, Pos: [-9.7893, 0.1690, 5.8435], Rot: [0.0000, 0.7071, 0.0000, -0.7071]
forward, Pos: [-9.5393, 0.1690, 5.8435], Rot: [0.0000, 0.7071, 0.0000, -0.7071]
forward, Pos: [-9.2893, 0.1690, 5.8435], Rot: [0.0000, 0.7071, 0.0000, -0.7071]
forward, Pos: [-9.0393, 0.1690, 5.8435], Rot: [0.0000, 0.7071, 0.0000, -0.7071]
forward, Pos: [-8.7893, 0.1690, 5.8435], Rot: [0.0000, 0.7071, 0.0000, -0.7071]
forward, Pos: [-8.5393, 0.1690, 5.8435], Rot: [0.0000, 0.7071, 0.0000, -0.7071]
forward, Pos: [-8.2893, 0.1690, 5.8435], Rot: [0.0000, 0.7071, 0.0000, -0.7071]
forward, Pos: [-8.0393, 0.1690, 5.8435], Rot: [0.0000, 0.7071, 0.0000, -0.7071]
forward, Pos: [-7.7893, 0.1690, 5.8434], Rot: [0.0000, 0.7071, 0.0000, -0.7071]
forward, Pos: [-7.5393, 0.1690, 5.8434], Rot: [0.0000, 0.7071, 0.0000, -0.7071]
forward, Pos: [-7.2893, 0.1690, 5.8434], Rot: [0.0000, 0.7071, 0.0000, -0.7071]
forward, Pos: [-7.0393, 0.1690, 5.8434], Rot: [0.0000, 0.7071, 0.0000, -0.7071]
forward, Pos: [-6.7893, 0.1690, 5.8434], Rot: [0.0000, 0.7071, 0.0000, -0.7071]
forward, Pos: [-6.5393, 0.1690, 5.8434], Rot: [0.0000, 0.7071, 0.0000, -0.7071]
forward, Pos: [-6.2893, 0.1690, 5.8434], Rot: [0.0000, 0.7071, 0.0000, -0.7071]
right, Pos: [-6.2893, 0.1690, 5.8434], Rot: [0.0000, 0.8660, 0.0000, -0.5000]
forward, Pos: [-6.0728, 0.1690, 5.9684], Rot: [0.0000, 0.8660, 0.0000, -0.5000]
forward, Pos: [-5.8563, 0.1690, 6.0934], Rot: [0.0000, 0.8660, 0.0000, -0.5000]
forward, Pos: [-5.6398, 0.1690, 6.2183], Rot: [0.0000, 0.8660, 0.0000, -0.5000]
forward, Pos: [-5.4233, 0.1690, 6.3433], Rot: [0.0000, 0.8660, 0.0000, -0.5000]
left, Pos: [-5.4233, 0.1690, 6.3433], Rot: [0.0000, 0.7071, 0.0000, -0.7071]
forward, Pos: [-5.1733, 0.1690, 6.3433], Rot: [0.0000, 0.7071, 0.0000, -0.7071]
forward, Pos: [-4.9233, 0.1690, 6.3433], Rot: [0.0000, 0.7071, 0.0000, -0.7071]
forward, Pos: [-4.6733, 0.1690, 6.3433], Rot: [0.0000, 0.7071, 0.0000, -0.7071]
forward, Pos: [-4.4233, 0.1690, 6.3433], Rot: [0.0000, 0.7071, 0.0000, -0.7071]
forward, Pos: [-4.1733, 0.1690, 6.3433], Rot: [0.0000, 0.7071, 0.0000, -0.7071]
forward, Pos: [-3.9233, 0.1690, 6.3433], Rot: [0.0000, 0.7071, 0.0000, -0.7071]
forward, Pos: [-3.6733, 0.1690, 6.3432], Rot: [0.0000, 0.7071, 0.0000, -0.7071]
left, Pos: [-3.6733, 0.1690, 6.3432], Rot: [0.0000, 0.5000, 0.0000, -0.8660]
left, Pos: [-3.6733, 0.1690, 6.3432], Rot: [0.0000, 0.2588, 0.0000, -0.9659]
left, Pos: [-3.6733, 0.1690, 6.3432], Rot: [0.0000, -0.0000, 0.0000, -1.0000]
left, Pos: [-3.6733, 0.1690, 6.3432], Rot: [0.0000, -0.2588, 0.0000, -0.9659]
forward, Pos: [-3.8411, 0.1690, 6.2016], Rot: [0.0000, -0.2588, 0.0000, -0.9659]
forward, Pos: [-4.0286, 0.1690, 6.0945], Rot: [0.0000, -0.2588, 0.0000, -0.9659]
forward, Pos: [-4.2264, 0.1690, 5.9508], Rot: [0.0000, -0.2588, 0.0000, -0.9659]
left, Pos: [-4.2264, 0.1690, 5.9508], Rot: [0.0000, -0.5000, 0.0000, -0.8660]
left, Pos: [-4.2264, 0.1690, 5.9508], Rot: [0.0000, -0.7071, 0.0000, -0.7071]
left, Pos: [-4.2264, 0.1690, 5.9508], Rot: [0.0000, -0.8660, 0.0000, -0.5000]
forward, Pos: [-4.4429, 0.1690, 6.0758], Rot: [0.0000, -0.8660, 0.0000, -0.5000]
forward, Pos: [-4.6594, 0.1690, 6.2009], Rot: [0.0000, -0.8660, 0.0000, -0.5000]
right, Pos: [-4.6594, 0.1690, 6.2009], Rot: [0.0000, -0.7071, 0.0000, -0.7071]
forward, Pos: [-4.9094, 0.1690, 6.2009], Rot: [0.0000, -0.7071, 0.0000, -0.7071]
forward, Pos: [-5.1466, 0.1690, 6.2138], Rot: [0.0000, -0.7071, 0.0000, -0.7071]
forward, Pos: [-5.4110, 0.1690, 6.2499], Rot: [0.0000, -0.7071, 0.0000, -0.7071]
forward, Pos: [-5.6610, 0.1690, 6.2499], Rot: [0.0000, -0.7071, 0.0000, -0.7071]
forward, Pos: [-5.9110, 0.1690, 6.2499], Rot: [0.0000, -0.7071, 0.0000, -0.7071]
forward, Pos: [-6.1610, 0.1690, 6.2499], Rot: [0.0000, -0.7071, 0.0000, -0.7071]
forward, Pos: [-6.4110, 0.1690, 6.2499], Rot: [0.0000, -0.7071, 0.0000, -0.7071]
forward, Pos: [-6.6610, 0.1690, 6.2499], Rot: [0.0000, -0.7071, 0.0000, -0.7071]
forward, Pos: [-6.9110, 0.1690, 6.2499], Rot: [0.0000, -0.7071, 0.0000, -0.7071]
forward, Pos: [-7.1610, 0.1690, 6.2499], Rot: [0.0000, -0.7071, 0.0000, -0.7071]
forward, Pos: [-7.4110, 0.1690, 6.2500], Rot: [0.0000, -0.7071, 0.0000, -0.7071]
forward, Pos: [-7.6610, 0.1690, 6.2500], Rot: [0.0000, -0.7071, 0.0000, -0.7071]
forward, Pos: [-7.9110, 0.1690, 6.2500], Rot: [0.0000, -0.7071, 0.0000, -0.7071]
forward, Pos: [-8.1610, 0.1690, 6.2500], Rot: [0.0000, -0.7071, 0.0000, -0.7071]
forward, Pos: [-8.4110, 0.1690, 6.2500], Rot: [0.0000, -0.7071, 0.0000, -0.7071]
forward, Pos: [-8.6610, 0.1690, 6.2500], Rot: [0.0000, -0.7071, 0.0000, -0.7071]
forward, Pos: [-8.9110, 0.1690, 6.2500], Rot: [0.0000, -0.7071, 0.0000, -0.7071]
forward, Pos: [-9.1610, 0.1690, 6.2500], Rot: [0.0000, -0.7071, 0.0000, -0.7071]
forward, Pos: [-9.4110, 0.1690, 6.2501], Rot: [0.0000, -0.7071, 0.0000, -0.7071]
forward, Pos: [-9.6610, 0.1690, 6.2501], Rot: [0.0000, -0.7071, 0.0000, -0.7071]
forward, Pos: [-9.9110, 0.1690, 6.2501], Rot: [0.0000, -0.7071, 0.0000, -0.7071]
forward, Pos: [-10.1610, 0.1690, 6.2501], Rot: [0.0000, -0.7071, 0.0000, -0.7071]
forward, Pos: [-10.4110, 0.1690, 6.2501], Rot: [0.0000, -0.7071, 0.0000, -0.7071]
forward, Pos: [-10.6610, 0.1690, 6.2501], Rot: [0.0000, -0.7071, 0.0000, -0.7071]
forward, Pos: [-10.9110, 0.1690, 6.2501], Rot: [0.0000, -0.7071, 0.0000, -0.7071]
forward, Pos: [-11.1610, 0.1690, 6.2501], Rot: [0.0000, -0.7071, 0.0000, -0.7071]
forward, Pos: [-11.4110, 0.1690, 6.2502], Rot: [0.0000, -0.7071, 0.0000, -0.7071]
forward, Pos: [-11.6610, 0.1690, 6.2502], Rot: [0.0000, -0.7071, 0.0000, -0.7071]
forward, Pos: [-11.9110, 0.1690, 6.2502], Rot: [0.0000, -0.7071, 0.0000, -0.7071]
forward, Pos: [-12.1610, 0.1690, 6.2502], Rot: [0.0000, -0.7071, 0.0000, -0.7071]
forward, Pos: [-12.4110, 0.1690, 6.2502], Rot: [0.0000, -0.7071, 0.0000, -0.7071]
forward, Pos: [-12.6610, 0.1965, 6.2502], Rot: [0.0000, -0.7071, 0.0000, -0.7071]
forward, Pos: [-12.9110, 0.1690, 6.2502], Rot: [0.0000, -0.7071, 0.0000, -0.7071]
forward, Pos: [-13.1610, 0.1690, 6.2502], Rot: [0.0000, -0.7071, 0.0000, -0.7071]
forward, Pos: [-13.4110, 0.1690, 6.2503], Rot: [0.0000, -0.7071, 0.0000, -0.7071]
forward, Pos: [-13.6610, 0.1690, 6.2503], Rot: [0.0000, -0.7071, 0.0000, -0.7071]
forward, Pos: [-13.9110, 0.1690, 6.2503], Rot: [0.0000, -0.7071, 0.0000, -0.7071]
forward, Pos: [-14.1610, 0.1690, 6.2503], Rot: [0.0000, -0.7071, 0.0000, -0.7071]
forward, Pos: [-14.4110, 0.1690, 6.2503], Rot: [0.0000, -0.7071, 0.0000, -0.7071]
left, Pos: [-14.4110, 0.1690, 6.2503], Rot: [0.0000, -0.8660, 0.0000, -0.5000]
left, Pos: [-14.4110, 0.1690, 6.2503], Rot: [0.0000, -0.9659, 0.0000, -0.2588]
forward, Pos: [-14.5360, 0.1690, 6.4668], Rot: [0.0000, -0.9659, 0.0000, -0.2588]
forward, Pos: [-14.6610, 0.1690, 6.6833], Rot: [0.0000, -0.9659, 0.0000, -0.2588]
right, Pos: [-14.6610, 0.1690, 6.6833], Rot: [0.0000, -0.8660, 0.0000, -0.5000]
forward, Pos: [-14.8775, 0.1690, 6.8083], Rot: [0.0000, -0.8660, 0.0000, -0.5000]
left, Pos: [-14.8775, 0.1690, 6.8083], Rot: [0.0000, -0.9659, 0.0000, -0.2588]
forward, Pos: [-15.0025, 0.1690, 7.0249], Rot: [0.0000, -0.9659, 0.0000, -0.2588]
forward, Pos: [-15.1275, 0.1690, 7.2414], Rot: [0.0000, -0.9659, 0.0000, -0.2588]
forward, Pos: [-15.2524, 0.1690, 7.4579], Rot: [0.0000, -0.9659, 0.0000, -0.2588]
forward, Pos: [-15.3804, 0.1690, 7.6737], Rot: [0.0000, -0.9659, 0.0000, -0.2588]
forward, Pos: [-15.5054, 0.1690, 7.8902], Rot: [0.0000, -0.9659, 0.0000, -0.2588]
forward, Pos: [-15.6304, 0.1690, 8.1067], Rot: [0.0000, -0.9659, 0.0000, -0.2588]
forward, Pos: [-15.7554, 0.1690, 8.3232], Rot: [0.0000, -0.9659, 0.0000, -0.2588]
forward, Pos: [-15.8804, 0.1690, 8.5397], Rot: [0.0000, -0.9659, 0.0000, -0.2588]
forward, Pos: [-16.0053, 0.1690, 8.7562], Rot: [0.0000, -0.9659, 0.0000, -0.2588]
forward, Pos: [-16.1303, 0.1690, 8.9727], Rot: [0.0000, -0.9659, 0.0000, -0.2588]
forward, Pos: [-16.2553, 0.1690, 9.1892], Rot: [0.0000, -0.9659, 0.0000, -0.2588]
forward, Pos: [-16.3803, 0.1690, 9.4058], Rot: [0.0000, -0.9659, 0.0000, -0.2588]
forward, Pos: [-16.5053, 0.1690, 9.6223], Rot: [0.0000, -0.9659, 0.0000, -0.2588]
left, Pos: [-16.5053, 0.1690, 9.6223], Rot: [0.0000, -1.0000, 0.0000, 0.0000]
left, Pos: [-16.5053, 0.1690, 9.6223], Rot: [0.0000, -0.9659, 0.0000, 0.2588]
left, Pos: [-16.5053, 0.1690, 9.6223], Rot: [0.0000, -0.8660, 0.0000, 0.5000]
left, Pos: [-16.5053, 0.1690, 9.6223], Rot: [0.0000, -0.7071, 0.0000, 0.7071]
left, Pos: [-16.5053, 0.1690, 9.6223], Rot: [0.0000, -0.5000, 0.0000, 0.8660]
left, Pos: [-16.5053, 0.1690, 9.6223], Rot: [0.0000, -0.2588, 0.0000, 0.9659]
left, Pos: [-16.5053, 0.1690, 9.6223], Rot: [0.0000, 0.0000, 0.0000, 1.0000]
forward, Pos: [-16.4658, 0.1690, 9.4052], Rot: [0.0000, 0.0000, 0.0000, 1.0000]
right, Pos: [-16.4658, 0.1690, 9.4052], Rot: [0.0000, -0.2588, 0.0000, 0.9659]
forward, Pos: [-16.3408, 0.1690, 9.1887], Rot: [0.0000, -0.2588, 0.0000, 0.9659]
forward, Pos: [-16.2158, 0.1690, 8.9721], Rot: [0.0000, -0.2588, 0.0000, 0.9659]
left, Pos: [-16.2158, 0.1690, 8.9721], Rot: [0.0000, 0.0000, 0.0000, 1.0000]
forward, Pos: [-16.2159, 0.1690, 8.7221], Rot: [0.0000, 0.0000, 0.0000, 1.0000]
forward, Pos: [-16.2159, 0.1690, 8.4721], Rot: [0.0000, 0.0000, 0.0000, 1.0000]
right, Pos: [-16.2159, 0.1690, 8.4721], Rot: [0.0000, -0.2588, 0.0000, 0.9659]
forward, Pos: [-16.0909, 0.1690, 8.2556], Rot: [0.0000, -0.2588, 0.0000, 0.9659]
left, Pos: [-16.0909, 0.1690, 8.2556], Rot: [0.0000, 0.0000, 0.0000, 1.0000]
forward, Pos: [-16.0909, 0.1690, 8.0056], Rot: [0.0000, 0.0000, 0.0000, 1.0000]
right, Pos: [-16.0909, 0.1690, 8.0056], Rot: [0.0000, -0.2588, 0.0000, 0.9659]
forward, Pos: [-15.9659, 0.1690, 7.7891], Rot: [0.0000, -0.2588, 0.0000, 0.9659]
right, Pos: [-15.9659, 0.1690, 7.7891], Rot: [0.0000, -0.5000, 0.0000, 0.8660]
forward, Pos: [-15.7494, 0.1690, 7.6641], Rot: [0.0000, -0.5000, 0.0000, 0.8660]
forward, Pos: [-15.5329, 0.1690, 7.5391], Rot: [0.0000, -0.5000, 0.0000, 0.8660]
forward, Pos: [-15.3164, 0.1690, 7.4141], Rot: [0.0000, -0.5000, 0.0000, 0.8660]
forward, Pos: [-15.0999, 0.1690, 7.2891], Rot: [0.0000, -0.5000, 0.0000, 0.8660]
forward, Pos: [-14.8834, 0.1690, 7.1641], Rot: [0.0000, -0.5000, 0.0000, 0.8660]
forward, Pos: [-14.6669, 0.1690, 7.0391], Rot: [0.0000, -0.5000, 0.0000, 0.8660]
forward, Pos: [-14.4504, 0.1690, 6.9140], Rot: [0.0000, -0.5000, 0.0000, 0.8660]
forward, Pos: [-14.2339, 0.1690, 6.7890], Rot: [0.0000, -0.5000, 0.0000, 0.8660]
forward, Pos: [-14.0174, 0.1690, 6.6640], Rot: [0.0000, -0.5000, 0.0000, 0.8660]
forward, Pos: [-13.8009, 0.1690, 6.5390], Rot: [0.0000, -0.5000, 0.0000, 0.8660]
forward, Pos: [-13.5844, 0.1690, 6.4140], Rot: [0.0000, -0.5000, 0.0000, 0.8660]
forward, Pos: [-13.3679, 0.1690, 6.2890], Rot: [0.0000, -0.5000, 0.0000, 0.8660]
forward, Pos: [-13.1514, 0.1690, 6.1640], Rot: [0.0000, -0.5000, 0.0000, 0.8660]
forward, Pos: [-12.9349, 0.1690, 6.0390], Rot: [0.0000, -0.5000, 0.0000, 0.8660]
forward, Pos: [-12.7184, 0.1855, 5.9140], Rot: [0.0000, -0.5000, 0.0000, 0.8660]
forward, Pos: [-12.5019, 0.2268, 5.7889], Rot: [0.0000, -0.5000, 0.0000, 0.8660]
forward, Pos: [-12.2854, 0.2680, 5.6639], Rot: [0.0000, -0.5000, 0.0000, 0.8660]
forward, Pos: [-12.0689, 0.1727, 5.5389], Rot: [0.0000, -0.5000, 0.0000, 0.8660]
forward, Pos: [-11.8524, 0.1690, 5.4139], Rot: [0.0000, -0.5000, 0.0000, 0.8660]
left, Pos: [-11.8524, 0.1690, 5.4139], Rot: [0.0000, -0.2588, 0.0000, 0.9659]
left, Pos: [-11.8524, 0.1690, 5.4139], Rot: [0.0000, 0.0000, 0.0000, 1.0000]
left, Pos: [-11.8524, 0.1690, 5.4139], Rot: [0.0000, 0.2588, 0.0000, 0.9659]
left, Pos: [-11.8524, 0.1690, 5.4139], Rot: [0.0000, 0.5000, 0.0000, 0.8660]
forward, Pos: [-12.0689, 0.3092, 5.2889], Rot: [0.0000, 0.5000, 0.0000, 0.8660]
right, Pos: [-12.0689, 0.3092, 5.2889], Rot: [0.0000, 0.2588, 0.0000, 0.9659]
forward, Pos: [-12.1939, 0.2854, 5.0724], Rot: [0.0000, 0.2588, 0.0000, 0.9659]
forward, Pos: [-12.3189, 0.3200, 4.8559], Rot: [0.0000, 0.2588, 0.0000, 0.9659]
right, Pos: [-12.3189, 0.3200, 4.8559], Rot: [0.0000, 0.0000, 0.0000, 1.0000]
forward, Pos: [-12.3189, 0.4132, 4.6059], Rot: [0.0000, 0.0000, 0.0000, 1.0000]
forward, Pos: [-12.3190, 0.6686, 4.3559], Rot: [0.0000, 0.0000, 0.0000, 1.0000]
right, Pos: [-12.3190, 0.6686, 4.3559], Rot: [0.0000, -0.2588, 0.0000, 0.9659]
right, Pos: [-12.3190, 0.6686, 4.3559], Rot: [0.0000, -0.5000, 0.0000, 0.8660]
forward, Pos: [-12.1025, 0.5812, 4.2309], Rot: [0.0000, -0.5000, 0.0000, 0.8660]
forward, Pos: [-11.8860, 0.5909, 4.1059], Rot: [0.0000, -0.5000, 0.0000, 0.8660]
forward, Pos: [-11.7110, 0.7450, 3.9763], Rot: [0.0000, -0.5000, 0.0000, 0.8660]
forward, Pos: [-11.4945, 0.9565, 3.8513], Rot: [0.0000, -0.5000, 0.0000, 0.8660]
forward, Pos: [-11.2780, 1.1596, 3.7262], Rot: [0.0000, -0.5000, 0.0000, 0.8660]
forward, Pos: [-11.0615, 1.2920, 3.6012], Rot: [0.0000, -0.5000, 0.0000, 0.8660]
forward, Pos: [-10.8450, 1.4776, 3.4762], Rot: [0.0000, -0.5000, 0.0000, 0.8660]
right, Pos: [-10.8450, 1.4776, 3.4762], Rot: [0.0000, -0.7071, 0.0000, 0.7071]
right, Pos: [-10.8450, 1.4776, 3.4762], Rot: [0.0000, -0.8660, 0.0000, 0.5000]
right, Pos: [-10.8450, 1.4776, 3.4762], Rot: [0.0000, -0.9659, 0.0000, 0.2588]
right, Pos: [-10.8450, 1.4776, 3.4762], Rot: [0.0000, -1.0000, 0.0000, 0.0000]
forward, Pos: [-10.8598, 1.4650, 3.6229], Rot: [0.0000, -1.0000, 0.0000, 0.0000]
forward, Pos: [-10.8948, 1.4350, 3.6279], Rot: [0.0000, -1.0000, 0.0000, 0.0000]
forward, Pos: [-10.9298, 1.4050, 3.6329], Rot: [0.0000, -1.0000, 0.0000, 0.0000]
forward, Pos: [-10.9648, 1.3750, 3.6379], Rot: [0.0000, -1.0000, 0.0000, 0.0000]
forward, Pos: [-10.9997, 1.3450, 3.6429], Rot: [0.0000, -1.0000, 0.0000, 0.0000]
forward, Pos: [-11.0347, 1.3150, 3.6479], Rot: [0.0000, -1.0000, 0.0000, 0.0000]
forward, Pos: [-11.0697, 1.2850, 3.6529], Rot: [0.0000, -1.0000, 0.0000, 0.0000]
forward, Pos: [-11.1047, 1.2550, 3.6579], Rot: [0.0000, -1.0000, 0.0000, 0.0000]
forward, Pos: [-11.1397, 1.2250, 3.6629], Rot: [0.0000, -1.0000, 0.0000, 0.0000]
forward, Pos: [-11.1747, 1.1950, 3.6679], Rot: [0.0000, -1.0000, 0.0000, 0.0000]
forward, Pos: [-11.2550, 1.1690, 3.7722], Rot: [0.0000, -1.0000, 0.0000, 0.0000]
forward, Pos: [-11.3300, 1.1024, 3.7972], Rot: [0.0000, -1.0000, 0.0000, 0.0000]
forward, Pos: [-11.4050, 1.0357, 3.8222], Rot: [0.0000, -1.0000, 0.0000, 0.0000]
forward, Pos: [-11.4800, 0.9691, 3.8472], Rot: [0.0000, -1.0000, 0.0000, 0.0000]
forward, Pos: [-11.5550, 0.9024, 3.8722], Rot: [0.0000, -1.0000, 0.0000, 0.0000]
forward, Pos: [-11.6300, 0.8357, 3.8972], Rot: [0.0000, -1.0000, 0.0000, 0.0000]
forward, Pos: [-11.7288, 0.6739, 4.1362], Rot: [0.0000, -1.0000, 0.0000, 0.0000]
forward, Pos: [-11.7550, 0.5597, 4.3862], Rot: [0.0000, -1.0000, 0.0000, 0.0000]
forward, Pos: [-11.7550, 0.3930, 4.6362], Rot: [0.0000, -1.0000, 0.0000, 0.0000]
forward, Pos: [-11.7550, 0.2467, 4.8862], Rot: [0.0000, -1.0000, 0.0000, 0.0000]
left, Pos: [-11.7550, 0.2467, 4.8862], Rot: [0.0000, -0.9659, 0.0000, 0.2588]
forward, Pos: [-11.6300, 0.1690, 5.1027], Rot: [0.0000, -0.9659, 0.0000, 0.2588]
forward, Pos: [-11.5050, 0.1690, 5.3192], Rot: [0.0000, -0.9659, 0.0000, 0.2588]
forward, Pos: [-11.3800, 0.1690, 5.5357], Rot: [0.0000, -0.9659, 0.0000, 0.2588]
left, Pos: [-11.3800, 0.1690, 5.5357], Rot: [0.0000, -0.8660, 0.0000, 0.5000]
left, Pos: [-11.3800, 0.1690, 5.5357], Rot: [0.0000, -0.7071, 0.0000, 0.7071]
left, Pos: [-11.3800, 0.1690, 5.5357], Rot: [0.0000, -0.5000, 0.0000, 0.8660]
forward, Pos: [-11.1635, 0.1690, 5.4107], Rot: [0.0000, -0.5000, 0.0000, 0.8660]
left, Pos: [-11.1635, 0.1690, 5.4107], Rot: [0.0000, -0.2588, 0.0000, 0.9659]
left, Pos: [-11.1635, 0.1690, 5.4107], Rot: [0.0000, 0.0000, 0.0000, 1.0000]
left, Pos: [-11.1635, 0.1690, 5.4107], Rot: [0.0000, 0.2588, 0.0000, 0.9659]
forward, Pos: [-11.2885, 0.1690, 5.1942], Rot: [0.0000, 0.2588, 0.0000, 0.9659]
forward, Pos: [-11.4135, 0.1690, 4.9777], Rot: [0.0000, 0.2588, 0.0000, 0.9659]
forward, Pos: [-11.5385, 0.1690, 4.7612], Rot: [0.0000, 0.2588, 0.0000, 0.9659]
forward, Pos: [-11.7505, 0.3630, 4.6752], Rot: [0.0000, 0.2588, 0.0000, 0.9659]
forward, Pos: [-11.8756, 0.5114, 4.4587], Rot: [0.0000, 0.2588, 0.0000, 0.9659]
right, Pos: [-11.8756, 0.5114, 4.4587], Rot: [0.0000, 0.0000, 0.0000, 1.0000]
right, Pos: [-11.8756, 0.5114, 4.4587], Rot: [0.0000, -0.2588, 0.0000, 0.9659]
right, Pos: [-11.8756, 0.5114, 4.4587], Rot: [0.0000, -0.5000, 0.0000, 0.8660]
right, Pos: [-11.8756, 0.5114, 4.4587], Rot: [0.0000, -0.7071, 0.0000, 0.7071]
right, Pos: [-11.8756, 0.5114, 4.4587], Rot: [0.0000, -0.8660, 0.0000, 0.5000]
forward, Pos: [-11.7550, 0.4280, 4.5837], Rot: [0.0000, -0.8660, 0.0000, 0.5000]
forward, Pos: [-11.6050, 0.1690, 4.7722], Rot: [0.0000, -0.8660, 0.0000, 0.5000]
forward, Pos: [-11.3885, 0.1690, 4.8972], Rot: [0.0000, -0.8660, 0.0000, 0.5000]
forward, Pos: [-11.1720, 0.1690, 5.0222], Rot: [0.0000, -0.8660, 0.0000, 0.5000]
forward, Pos: [-10.9555, 0.1690, 5.1472], Rot: [0.0000, -0.8660, 0.0000, 0.5000]
forward, Pos: [-10.7390, 0.1690, 5.2722], Rot: [0.0000, -0.8660, 0.0000, 0.5000]
forward, Pos: [-10.5225, 0.1690, 5.3972], Rot: [0.0000, -0.8660, 0.0000, 0.5000]
forward, Pos: [-10.3060, 0.1690, 5.5222], Rot: [0.0000, -0.8660, 0.0000, 0.5000]
forward, Pos: [-10.0895, 0.1690, 5.6472], Rot: [0.0000, -0.8660, 0.0000, 0.5000]
forward, Pos: [-9.8729, 0.1690, 5.7722], Rot: [0.0000, -0.8660, 0.0000, 0.5000]
forward, Pos: [-9.6564, 0.1690, 5.8971], Rot: [0.0000, -0.8660, 0.0000, 0.5000]
left, Pos: [-9.6564, 0.1690, 5.8971], Rot: [0.0000, -0.7071, 0.0000, 0.7071]
forward, Pos: [-9.4064, 0.1690, 5.8971], Rot: [0.0000, -0.7071, 0.0000, 0.7071]
forward, Pos: [-9.1564, 0.1690, 5.8971], Rot: [0.0000, -0.7071, 0.0000, 0.7071]
forward, Pos: [-8.9064, 0.1690, 5.8971], Rot: [0.0000, -0.7071, 0.0000, 0.7071]
forward, Pos: [-8.6564, 0.1690, 5.8971], Rot: [0.0000, -0.7071, 0.0000, 0.7071]
forward, Pos: [-8.4064, 0.1690, 5.8971], Rot: [0.0000, -0.7071, 0.0000, 0.7071]
forward, Pos: [-8.1564, 0.1690, 5.8971], Rot: [0.0000, -0.7071, 0.0000, 0.7071]
forward, Pos: [-7.9064, 0.1690, 5.8971], Rot: [0.0000, -0.7071, 0.0000, 0.7071]
forward, Pos: [-7.6564, 0.1690, 5.8970], Rot: [0.0000, -0.7071, 0.0000, 0.7071]
forward, Pos: [-7.4064, 0.1690, 5.8970], Rot: [0.0000, -0.7071, 0.0000, 0.7071]
forward, Pos: [-7.1564, 0.1690, 5.8970], Rot: [0.0000, -0.7071, 0.0000, 0.7071]
forward, Pos: [-6.9064, 0.1690, 5.8970], Rot: [0.0000, -0.7071, 0.0000, 0.7071]
forward, Pos: [-6.6564, 0.1690, 5.8970], Rot: [0.0000, -0.7071, 0.0000, 0.7071]
right, Pos: [-6.6564, 0.1690, 5.8970], Rot: [0.0000, -0.8660, 0.0000, 0.5000]
forward, Pos: [-6.4399, 0.1690, 6.0220], Rot: [0.0000, -0.8660, 0.0000, 0.5000]
left, Pos: [-6.4399, 0.1690, 6.0220], Rot: [0.0000, -0.7071, 0.0000, 0.7071]
forward, Pos: [-6.1899, 0.1690, 6.0220], Rot: [0.0000, -0.7071, 0.0000, 0.7071]
forward, Pos: [-5.9399, 0.1690, 6.0220], Rot: [0.0000, -0.7071, 0.0000, 0.7071]
forward, Pos: [-5.6907, 0.1690, 6.0224], Rot: [0.0000, -0.7071, 0.0000, 0.7071]
forward, Pos: [-5.6291, 0.1690, 6.1301], Rot: [0.0000, -0.7071, 0.0000, 0.7071]
forward, Pos: [-5.4248, 0.1690, 6.2443], Rot: [0.0000, -0.7071, 0.0000, 0.7071]
forward, Pos: [-5.1748, 0.1690, 6.2443], Rot: [0.0000, -0.7071, 0.0000, 0.7071]
right, Pos: [-5.1748, 0.1690, 6.2443], Rot: [0.0000, -0.8660, 0.0000, 0.5000]
forward, Pos: [-4.9583, 0.1690, 6.3693], Rot: [0.0000, -0.8660, 0.0000, 0.5000]
left, Pos: [-4.9583, 0.1690, 6.3693], Rot: [0.0000, -0.7071, 0.0000, 0.7071]
forward, Pos: [-4.7083, 0.1690, 6.3693], Rot: [0.0000, -0.7071, 0.0000, 0.7071]
forward, Pos: [-4.4583, 0.1690, 6.3693], Rot: [0.0000, -0.7071, 0.0000, 0.7071]
right, Pos: [-4.4583, 0.1690, 6.3693], Rot: [0.0000, -0.8660, 0.0000, 0.5000]
forward, Pos: [-4.2418, 0.1690, 6.4943], Rot: [0.0000, -0.8660, 0.0000, 0.5000]
forward, Pos: [-4.0253, 0.1690, 6.6192], Rot: [0.0000, -0.8660, 0.0000, 0.5000]
forward, Pos: [-3.8088, 0.1690, 6.7442], Rot: [0.0000, -0.8660, 0.0000, 0.5000]
forward, Pos: [-3.5923, 0.1690, 6.8692], Rot: [0.0000, -0.8660, 0.0000, 0.5000]
left, Pos: [-3.5923, 0.1690, 6.8692], Rot: [0.0000, -0.7071, 0.0000, 0.7071]
left, Pos: [-3.5923, 0.1690, 6.8692], Rot: [0.0000, -0.5000, 0.0000, 0.8660]
left, Pos: [-3.5923, 0.1690, 6.8692], Rot: [0.0000, -0.2588, 0.0000, 0.9659]
left, Pos: [-3.5923, 0.1690, 6.8692], Rot: [0.0000, 0.0000, 0.0000, 1.0000]
left, Pos: [-3.5923, 0.1690, 6.8692], Rot: [0.0000, 0.2588, 0.0000, 0.9659]
left, Pos: [-3.5923, 0.1690, 6.8692], Rot: [0.0000, 0.5000, 0.0000, 0.8660]
left, Pos: [-3.5923, 0.1690, 6.8692], Rot: [0.0000, 0.7071, 0.0000, 0.7071]
forward, Pos: [-3.8423, 0.1690, 6.8692], Rot: [0.0000, 0.7071, 0.0000, 0.7071]
forward, Pos: [-4.0923, 0.1690, 6.8693], Rot: [0.0000, 0.7071, 0.0000, 0.7071]
forward, Pos: [-4.3423, 0.1690, 6.8693], Rot: [0.0000, 0.7071, 0.0000, 0.7071]
right, Pos: [-4.3423, 0.1690, 6.8693], Rot: [0.0000, 0.5000, 0.0000, 0.8660]
forward, Pos: [-4.5588, 0.1690, 6.7443], Rot: [0.0000, 0.5000, 0.0000, 0.8660]
left, Pos: [-4.5588, 0.1690, 6.7443], Rot: [0.0000, 0.7071, 0.0000, 0.7071]
forward, Pos: [-4.8088, 0.1690, 6.7443], Rot: [0.0000, 0.7071, 0.0000, 0.7071]
right, Pos: [-4.8088, 0.1690, 6.7443], Rot: [0.0000, 0.5000, 0.0000, 0.8660]
forward, Pos: [-5.0253, 0.1690, 6.6193], Rot: [0.0000, 0.5000, 0.0000, 0.8660]
forward, Pos: [-5.2418, 0.1690, 6.4943], Rot: [0.0000, 0.5000, 0.0000, 0.8660]
forward, Pos: [-5.4583, 0.1690, 6.3693], Rot: [0.0000, 0.5000, 0.0000, 0.8660]
forward, Pos: [-5.6748, 0.1690, 6.2443], Rot: [0.0000, 0.5000, 0.0000, 0.8660]
forward, Pos: [-5.8914, 0.1690, 6.1193], Rot: [0.0000, 0.5000, 0.0000, 0.8660]
forward, Pos: [-6.1079, 0.1690, 5.9944], Rot: [0.0000, 0.5000, 0.0000, 0.8660]
forward, Pos: [-6.3244, 0.1690, 5.8694], Rot: [0.0000, 0.5000, 0.0000, 0.8660]
forward, Pos: [-6.5409, 0.1690, 5.7444], Rot: [0.0000, 0.5000, 0.0000, 0.8660]
forward, Pos: [-6.7574, 0.1690, 5.6194], Rot: [0.0000, 0.5000, 0.0000, 0.8660]
forward, Pos: [-6.9739, 0.1690, 5.4944], Rot: [0.0000, 0.5000, 0.0000, 0.8660]
forward, Pos: [-7.1904, 0.1690, 5.3694], Rot: [0.0000, 0.5000, 0.0000, 0.8660]
forward, Pos: [-7.4069, 0.1690, 5.2444], Rot: [0.0000, 0.5000, 0.0000, 0.8660]
forward, Pos: [-7.6235, 0.1690, 5.1194], Rot: [0.0000, 0.5000, 0.0000, 0.8660]
left, Pos: [-7.6235, 0.1690, 5.1194], Rot: [0.0000, 0.7071, 0.0000, 0.7071]
forward, Pos: [-7.8735, 0.1690, 5.1194], Rot: [0.0000, 0.7071, 0.0000, 0.7071]
forward, Pos: [-8.1235, 0.1690, 5.1195], Rot: [0.0000, 0.7071, 0.0000, 0.7071]
forward, Pos: [-8.3735, 0.1690, 5.1195], Rot: [0.0000, 0.7071, 0.0000, 0.7071]
forward, Pos: [-8.6235, 0.1690, 5.1195], Rot: [0.0000, 0.7071, 0.0000, 0.7071]
forward, Pos: [-8.8735, 0.1690, 5.1195], Rot: [0.0000, 0.7071, 0.0000, 0.7071]
forward, Pos: [-9.1235, 0.1690, 5.1195], Rot: [0.0000, 0.7071, 0.0000, 0.7071]
forward, Pos: [-9.3735, 0.1690, 5.1195], Rot: [0.0000, 0.7071, 0.0000, 0.7071]
forward, Pos: [-9.6235, 0.1690, 5.1195], Rot: [0.0000, 0.7071, 0.0000, 0.7071]
forward, Pos: [-9.8735, 0.1690, 5.1195], Rot: [0.0000, 0.7071, 0.0000, 0.7071]
forward, Pos: [-10.1235, 0.1690, 5.1196], Rot: [0.0000, 0.7071, 0.0000, 0.7071]
forward, Pos: [-10.3735, 0.1690, 5.1196], Rot: [0.0000, 0.7071, 0.0000, 0.7071]
forward, Pos: [-10.6235, 0.1690, 5.1196], Rot: [0.0000, 0.7071, 0.0000, 0.7071]
forward, Pos: [-10.8735, 0.1690, 5.1196], Rot: [0.0000, 0.7071, 0.0000, 0.7071]
forward, Pos: [-11.1235, 0.1690, 5.1196], Rot: [0.0000, 0.7071, 0.0000, 0.7071]
forward, Pos: [-11.3735, 0.1690, 5.1196], Rot: [0.0000, 0.7071, 0.0000, 0.7071]
left, Pos: [-11.3735, 0.1690, 5.1196], Rot: [0.0000, 0.8660, 0.0000, 0.5000]
forward, Pos: [-11.5900, 0.1690, 5.2446], Rot: [0.0000, 0.8660, 0.0000, 0.5000]
forward, Pos: [-11.8065, 0.1690, 5.3696], Rot: [0.0000, 0.8660, 0.0000, 0.5000]
forward, Pos: [-12.0230, 0.1690, 5.4947], Rot: [0.0000, 0.8660, 0.0000, 0.5000]
forward, Pos: [-12.2395, 0.2768, 5.6197], Rot: [0.0000, 0.8660, 0.0000, 0.5000]
forward, Pos: [-12.4560, 0.2355, 5.7447], Rot: [0.0000, 0.8660, 0.0000, 0.5000]
forward, Pos: [-12.6725, 0.1943, 5.8697], Rot: [0.0000, 0.8660, 0.0000, 0.5000]
forward, Pos: [-12.8890, 0.1690, 5.9947], Rot: [0.0000, 0.8660, 0.0000, 0.5000]
forward, Pos: [-13.1055, 0.1690, 6.1197], Rot: [0.0000, 0.8660, 0.0000, 0.5000]
forward, Pos: [-13.3220, 0.1690, 6.2447], Rot: [0.0000, 0.8660, 0.0000, 0.5000]
forward, Pos: [-13.5385, 0.1690, 6.3697], Rot: [0.0000, 0.8660, 0.0000, 0.5000]
forward, Pos: [-13.7550, 0.1690, 6.4947], Rot: [0.0000, 0.8660, 0.0000, 0.5000]
forward, Pos: [-13.9715, 0.1690, 6.6197], Rot: [0.0000, 0.8660, 0.0000, 0.5000]
forward, Pos: [-14.1880, 0.1690, 6.7448], Rot: [0.0000, 0.8660, 0.0000, 0.5000]
forward, Pos: [-14.4045, 0.1690, 6.8698], Rot: [0.0000, 0.8660, 0.0000, 0.5000]
forward, Pos: [-14.6210, 0.1690, 6.9948], Rot: [0.0000, 0.8660, 0.0000, 0.5000]
forward, Pos: [-14.8375, 0.1690, 7.1198], Rot: [0.0000, 0.8660, 0.0000, 0.5000]
forward, Pos: [-15.0540, 0.1690, 7.2448], Rot: [0.0000, 0.8660, 0.0000, 0.5000]
forward, Pos: [-15.2705, 0.1690, 7.3698], Rot: [0.0000, 0.8660, 0.0000, 0.5000]
forward, Pos: [-15.4870, 0.1690, 7.4948], Rot: [0.0000, 0.8660, 0.0000, 0.5000]
left, Pos: [-15.4870, 0.1690, 7.4948], Rot: [0.0000, 0.9659, 0.0000, 0.2588]
left, Pos: [-15.4870, 0.1690, 7.4948], Rot: [0.0000, 1.0000, 0.0000, -0.0000]
left, Pos: [-15.4870, 0.1690, 7.4948], Rot: [0.0000, 0.9659, 0.0000, -0.2588]
forward, Pos: [-15.3882, 0.1690, 7.7048], Rot: [0.0000, 0.9659, 0.0000, -0.2588]
left, Pos: [-15.3882, 0.1690, 7.7048], Rot: [0.0000, 0.8660, 0.0000, -0.5000]
left, Pos: [-15.3882, 0.1690, 7.7048], Rot: [0.0000, 0.7071, 0.0000, -0.7071]
left, Pos: [-15.3882, 0.1690, 7.7048], Rot: [0.0000, 0.5000, 0.0000, -0.8660]
left, Pos: [-15.3882, 0.1690, 7.7048], Rot: [0.0000, 0.2588, 0.0000, -0.9659]
forward, Pos: [-15.2632, 0.1690, 7.4883], Rot: [0.0000, 0.2588, 0.0000, -0.9659]
forward, Pos: [-15.1382, 0.1690, 7.2717], Rot: [0.0000, 0.2588, 0.0000, -0.9659]
right, Pos: [-15.1382, 0.1690, 7.2717], Rot: [0.0000, 0.5000, 0.0000, -0.8660]
forward, Pos: [-14.9217, 0.1690, 7.1467], Rot: [0.0000, 0.5000, 0.0000, -0.8660]
forward, Pos: [-14.7052, 0.1690, 7.0217], Rot: [0.0000, 0.5000, 0.0000, -0.8660]
forward, Pos: [-14.4887, 0.1690, 6.8967], Rot: [0.0000, 0.5000, 0.0000, -0.8660]
forward, Pos: [-14.2722, 0.1690, 6.7717], Rot: [0.0000, 0.5000, 0.0000, -0.8660]
forward, Pos: [-14.0557, 0.1690, 6.6467], Rot: [0.0000, 0.5000, 0.0000, -0.8660]
forward, Pos: [-13.8392, 0.1690, 6.5217], Rot: [0.0000, 0.5000, 0.0000, -0.8660]
forward, Pos: [-13.6227, 0.1690, 6.3967], Rot: [0.0000, 0.5000, 0.0000, -0.8660]
forward, Pos: [-13.4062, 0.1690, 6.2717], Rot: [0.0000, 0.5000, 0.0000, -0.8660]
forward, Pos: [-13.1897, 0.1690, 6.1466], Rot: [0.0000, 0.5000, 0.0000, -0.8660]
forward, Pos: [-12.9732, 0.1690, 6.0216], Rot: [0.0000, 0.5000, 0.0000, -0.8660]
forward, Pos: [-12.7567, 0.1782, 5.8966], Rot: [0.0000, 0.5000, 0.0000, -0.8660]
forward, Pos: [-12.5402, 0.2195, 5.7716], Rot: [0.0000, 0.5000, 0.0000, -0.8660]
forward, Pos: [-12.3237, 0.2607, 5.6466], Rot: [0.0000, 0.5000, 0.0000, -0.8660]
forward, Pos: [-12.1072, 0.2191, 5.5216], Rot: [0.0000, 0.5000, 0.0000, -0.8660]
forward, Pos: [-11.8907, 0.1690, 5.3966], Rot: [0.0000, 0.5000, 0.0000, -0.8660]
forward, Pos: [-11.6742, 0.1690, 5.2716], Rot: [0.0000, 0.5000, 0.0000, -0.8660]
forward, Pos: [-11.4577, 0.1690, 5.1466], Rot: [0.0000, 0.5000, 0.0000, -0.8660]
left, Pos: [-11.4577, 0.1690, 5.1466], Rot: [0.0000, 0.2588, 0.0000, -0.9659]
left, Pos: [-11.4577, 0.1690, 5.1466], Rot: [0.0000, -0.0000, 0.0000, -1.0000]
left, Pos: [-11.4577, 0.1690, 5.1466], Rot: [0.0000, -0.2588, 0.0000, -0.9659]
left, Pos: [-11.4577, 0.1690, 5.1466], Rot: [0.0000, -0.5000, 0.0000, -0.8660]
right, Pos: [-11.4577, 0.1690, 5.1466], Rot: [0.0000, -0.2588, 0.0000, -0.9659]
forward, Pos: [-11.5827, 0.1690, 4.9301], Rot: [0.0000, -0.2588, 0.0000, -0.9659]
forward, Pos: [-11.7077, 0.3003, 4.7136], Rot: [0.0000, -0.2588, 0.0000, -0.9659]
forward, Pos: [-11.8327, 0.4858, 4.4971], Rot: [0.0000, -0.2588, 0.0000, -0.9659]
right, Pos: [-11.8327, 0.4858, 4.4971], Rot: [0.0000, -0.0000, 0.0000, -1.0000]
right, Pos: [-11.8327, 0.4858, 4.4971], Rot: [0.0000, 0.2588, 0.0000, -0.9659]
right, Pos: [-11.8327, 0.4858, 4.4971], Rot: [0.0000, 0.5000, 0.0000, -0.8660]
right, Pos: [-11.8327, 0.4858, 4.4971], Rot: [0.0000, 0.7071, 0.0000, -0.7071]
right, Pos: [-11.8327, 0.4858, 4.4971], Rot: [0.0000, 0.8660, 0.0000, -0.5000]
forward, Pos: [-11.6821, 0.2718, 4.7209], Rot: [0.0000, 0.8660, 0.0000, -0.5000]
forward, Pos: [-11.4656, 0.1690, 4.8459], Rot: [0.0000, 0.8660, 0.0000, -0.5000]
forward, Pos: [-11.2491, 0.1690, 4.9709], Rot: [0.0000, 0.8660, 0.0000, -0.5000]
forward, Pos: [-11.0326, 0.1690, 5.0958], Rot: [0.0000, 0.8660, 0.0000, -0.5000]
forward, Pos: [-10.8160, 0.1690, 5.2208], Rot: [0.0000, 0.8660, 0.0000, -0.5000]
forward, Pos: [-10.5995, 0.1690, 5.3458], Rot: [0.0000, 0.8660, 0.0000, -0.5000]
forward, Pos: [-10.3830, 0.1690, 5.4708], Rot: [0.0000, 0.8660, 0.0000, -0.5000]
forward, Pos: [-10.1665, 0.1690, 5.5958], Rot: [0.0000, 0.8660, 0.0000, -0.5000]
forward, Pos: [-9.9500, 0.1690, 5.7208], Rot: [0.0000, 0.8660, 0.0000, -0.5000]
forward, Pos: [-9.7335, 0.1690, 5.8458], Rot: [0.0000, 0.8660, 0.0000, -0.5000]
forward, Pos: [-9.5170, 0.1690, 5.9708], Rot: [0.0000, 0.8660, 0.0000, -0.5000]
left, Pos: [-9.5170, 0.1690, 5.9708], Rot: [0.0000, 0.7071, 0.0000, -0.7071]
forward, Pos: [-9.2670, 0.1690, 5.9708], Rot: [0.0000, 0.7071, 0.0000, -0.7071]
forward, Pos: [-9.0170, 0.1690, 5.9707], Rot: [0.0000, 0.7071, 0.0000, -0.7071]
forward, Pos: [-8.7670, 0.1690, 5.9707], Rot: [0.0000, 0.7071, 0.0000, -0.7071]
forward, Pos: [-8.5170, 0.1690, 5.9707], Rot: [0.0000, 0.7071, 0.0000, -0.7071]
forward, Pos: [-8.2670, 0.1690, 5.9707], Rot: [0.0000, 0.7071, 0.0000, -0.7071]
forward, Pos: [-8.0170, 0.1690, 5.9707], Rot: [0.0000, 0.7071, 0.0000, -0.7071]
forward, Pos: [-7.7670, 0.1690, 5.9707], Rot: [0.0000, 0.7071, 0.0000, -0.7071]
forward, Pos: [-7.5170, 0.1690, 5.9707], Rot: [0.0000, 0.7071, 0.0000, -0.7071]
forward, Pos: [-7.2670, 0.1690, 5.9707], Rot: [0.0000, 0.7071, 0.0000, -0.7071]
forward, Pos: [-7.0170, 0.1690, 5.9706], Rot: [0.0000, 0.7071, 0.0000, -0.7071]
forward, Pos: [-6.7670, 0.1690, 5.9706], Rot: [0.0000, 0.7071, 0.0000, -0.7071]
forward, Pos: [-6.5170, 0.1690, 5.9706], Rot: [0.0000, 0.7071, 0.0000, -0.7071]
forward, Pos: [-6.2670, 0.1690, 5.9706], Rot: [0.0000, 0.7071, 0.0000, -0.7071]
forward, Pos: [-6.0170, 0.1690, 5.9706], Rot: [0.0000, 0.7071, 0.0000, -0.7071]
forward, Pos: [-5.7670, 0.1690, 5.9706], Rot: [0.0000, 0.7071, 0.0000, -0.7071]
forward, Pos: [-5.6702, 0.1690, 6.0581], Rot: [0.0000, 0.7071, 0.0000, -0.7071]
forward, Pos: [-5.6087, 0.1690, 6.1658], Rot: [0.0000, 0.7071, 0.0000, -0.7071]
forward, Pos: [-5.3949, 0.1690, 6.2563], Rot: [0.0000, 0.7071, 0.0000, -0.7071]
forward, Pos: [-5.1449, 0.1690, 6.2563], Rot: [0.0000, 0.7071, 0.0000, -0.7071]
right, Pos: [-5.1449, 0.1690, 6.2563], Rot: [0.0000, 0.8660, 0.0000, -0.5000]
forward, Pos: [-4.9284, 0.1690, 6.3813], Rot: [0.0000, 0.8660, 0.0000, -0.5000]
left, Pos: [-4.9284, 0.1690, 6.3813], Rot: [0.0000, 0.7071, 0.0000, -0.7071]
forward, Pos: [-4.6784, 0.1690, 6.3813], Rot: [0.0000, 0.7071, 0.0000, -0.7071]
forward, Pos: [-4.4284, 0.1690, 6.3813], Rot: [0.0000, 0.7071, 0.0000, -0.7071]
forward, Pos: [-4.1784, 0.1690, 6.3812], Rot: [0.0000, 0.7071, 0.0000, -0.7071]
forward, Pos: [-3.9284, 0.1690, 6.3812], Rot: [0.0000, 0.7071, 0.0000, -0.7071]
forward, Pos: [-3.6784, 0.1690, 6.3812], Rot: [0.0000, 0.7071, 0.0000, -0.7071]
left, Pos: [-3.6784, 0.1690, 6.3812], Rot: [0.0000, 0.5000, 0.0000, -0.8660]
left, Pos: [-3.6784, 0.1690, 6.3812], Rot: [0.0000, 0.2588, 0.0000, -0.9659]
left, Pos: [-3.6784, 0.1690, 6.3812], Rot: [0.0000, -0.0000, 0.0000, -1.0000]
forward, Pos: [-3.6784, 0.1690, 6.2222], Rot: [0.0000, -0.0000, 0.0000, -1.0000]
left, Pos: [-3.6784, 0.1690, 6.2222], Rot: [0.0000, -0.2588, 0.0000, -0.9659]
left, Pos: [-3.6784, 0.1690, 6.2222], Rot: [0.0000, -0.5000, 0.0000, -0.8660]
left, Pos: [-3.6784, 0.1690, 6.2222], Rot: [0.0000, -0.7071, 0.0000, -0.7071]
forward, Pos: [-3.9284, 0.1690, 6.2223], Rot: [0.0000, -0.7071, 0.0000, -0.7071]
forward, Pos: [-4.1784, 0.1690, 6.2223], Rot: [0.0000, -0.7071, 0.0000, -0.7071]
forward, Pos: [-4.4284, 0.1690, 6.2223], Rot: [0.0000, -0.7071, 0.0000, -0.7071]
forward, Pos: [-4.6784, 0.1690, 6.2223], Rot: [0.0000, -0.7071, 0.0000, -0.7071]
forward, Pos: [-4.9284, 0.1690, 6.2223], Rot: [0.0000, -0.7071, 0.0000, -0.7071]
forward, Pos: [-5.1770, 0.1690, 6.2277], Rot: [0.0000, -0.7071, 0.0000, -0.7071]
forward, Pos: [-5.4325, 0.1690, 6.2413], Rot: [0.0000, -0.7071, 0.0000, -0.7071]
forward, Pos: [-5.6825, 0.1690, 6.2413], Rot: [0.0000, -0.7071, 0.0000, -0.7071]
forward, Pos: [-5.9325, 0.1690, 6.2413], Rot: [0.0000, -0.7071, 0.0000, -0.7071]
forward, Pos: [-6.1825, 0.1690, 6.2413], Rot: [0.0000, -0.7071, 0.0000, -0.7071]
forward, Pos: [-6.4325, 0.1690, 6.2413], Rot: [0.0000, -0.7071, 0.0000, -0.7071]
forward, Pos: [-6.6825, 0.1690, 6.2413], Rot: [0.0000, -0.7071, 0.0000, -0.7071]
forward, Pos: [-6.9325, 0.1690, 6.2414], Rot: [0.0000, -0.7071, 0.0000, -0.7071]
forward, Pos: [-7.1825, 0.1690, 6.2414], Rot: [0.0000, -0.7071, 0.0000, -0.7071]
forward, Pos: [-7.4325, 0.1690, 6.2414], Rot: [0.0000, -0.7071, 0.0000, -0.7071]
forward, Pos: [-7.6825, 0.1690, 6.2414], Rot: [0.0000, -0.7071, 0.0000, -0.7071]
forward, Pos: [-7.9325, 0.1690, 6.2414], Rot: [0.0000, -0.7071, 0.0000, -0.7071]
forward, Pos: [-8.1825, 0.1690, 6.2414], Rot: [0.0000, -0.7071, 0.0000, -0.7071]
forward, Pos: [-8.4325, 0.1690, 6.2414], Rot: [0.0000, -0.7071, 0.0000, -0.7071]
forward, Pos: [-8.6825, 0.1690, 6.2414], Rot: [0.0000, -0.7071, 0.0000, -0.7071]
forward, Pos: [-8.9325, 0.1690, 6.2415], Rot: [0.0000, -0.7071, 0.0000, -0.7071]
forward, Pos: [-9.1825, 0.1690, 6.2415], Rot: [0.0000, -0.7071, 0.0000, -0.7071]
forward, Pos: [-9.4325, 0.1690, 6.2415], Rot: [0.0000, -0.7071, 0.0000, -0.7071]
forward, Pos: [-9.6825, 0.1690, 6.2415], Rot: [0.0000, -0.7071, 0.0000, -0.7071]
forward, Pos: [-9.9325, 0.1690, 6.2415], Rot: [0.0000, -0.7071, 0.0000, -0.7071]
forward, Pos: [-10.1825, 0.1690, 6.2415], Rot: [0.0000, -0.7071, 0.0000, -0.7071]
forward, Pos: [-10.4325, 0.1690, 6.2415], Rot: [0.0000, -0.7071, 0.0000, -0.7071]
forward, Pos: [-10.6825, 0.1690, 6.2415], Rot: [0.0000, -0.7071, 0.0000, -0.7071]
forward, Pos: [-10.9325, 0.1690, 6.2415], Rot: [0.0000, -0.7071, 0.0000, -0.7071]
forward, Pos: [-11.1825, 0.1690, 6.2416], Rot: [0.0000, -0.7071, 0.0000, -0.7071]
forward, Pos: [-11.4325, 0.1690, 6.2416], Rot: [0.0000, -0.7071, 0.0000, -0.7071]
forward, Pos: [-11.6825, 0.1690, 6.2416], Rot: [0.0000, -0.7071, 0.0000, -0.7071]
forward, Pos: [-11.9325, 0.1690, 6.2416], Rot: [0.0000, -0.7071, 0.0000, -0.7071]
forward, Pos: [-12.1825, 0.1690, 6.2416], Rot: [0.0000, -0.7071, 0.0000, -0.7071]
forward, Pos: [-12.4325, 0.1690, 6.2416], Rot: [0.0000, -0.7071, 0.0000, -0.7071]
forward, Pos: [-12.6825, 0.1924, 6.2416], Rot: [0.0000, -0.7071, 0.0000, -0.7071]
forward, Pos: [-12.9325, 0.1690, 6.2416], Rot: [0.0000, -0.7071, 0.0000, -0.7071]
forward, Pos: [-13.1825, 0.1690, 6.2417], Rot: [0.0000, -0.7071, 0.0000, -0.7071]
forward, Pos: [-13.4325, 0.1690, 6.2417], Rot: [0.0000, -0.7071, 0.0000, -0.7071]
forward, Pos: [-13.6825, 0.1690, 6.2417], Rot: [0.0000, -0.7071, 0.0000, -0.7071]
left, Pos: [-13.6825, 0.1690, 6.2417], Rot: [0.0000, -0.8660, 0.0000, -0.5000]
left, Pos: [-13.6825, 0.1690, 6.2417], Rot: [0.0000, -0.9659, 0.0000, -0.2588]
left, Pos: [-13.6825, 0.1690, 6.2417], Rot: [0.0000, -1.0000, 0.0000, 0.0000]
left, Pos: [-13.6825, 0.1690, 6.2417], Rot: [0.0000, -0.9659, 0.0000, 0.2588]
forward, Pos: [-13.5574, 0.1690, 6.4582], Rot: [0.0000, -0.9659, 0.0000, 0.2588]
left, Pos: [-13.5574, 0.1690, 6.4582], Rot: [0.0000, -0.8660, 0.0000, 0.5000]
left, Pos: [-13.5574, 0.1690, 6.4582], Rot: [0.0000, -0.7071, 0.0000, 0.7071]
left, Pos: [-13.5574, 0.1690, 6.4582], Rot: [0.0000, -0.5000, 0.0000, 0.8660]
forward, Pos: [-13.3409, 0.1690, 6.3332], Rot: [0.0000, -0.5000, 0.0000, 0.8660]
forward, Pos: [-13.1244, 0.1690, 6.2082], Rot: [0.0000, -0.5000, 0.0000, 0.8660]
forward, Pos: [-12.9079, 0.1690, 6.0832], Rot: [0.0000, -0.5000, 0.0000, 0.8660]
forward, Pos: [-12.6914, 0.1907, 5.9581], Rot: [0.0000, -0.5000, 0.0000, 0.8660]
forward, Pos: [-12.4749, 0.2319, 5.8331], Rot: [0.0000, -0.5000, 0.0000, 0.8660]
forward, Pos: [-12.2584, 0.2565, 5.7081], Rot: [0.0000, -0.5000, 0.0000, 0.8660]
forward, Pos: [-12.0419, 0.1690, 5.5831], Rot: [0.0000, -0.5000, 0.0000, 0.8660]
forward, Pos: [-11.8254, 0.1690, 5.4581], Rot: [0.0000, -0.5000, 0.0000, 0.8660]
forward, Pos: [-11.6089, 0.1690, 5.3331], Rot: [0.0000, -0.5000, 0.0000, 0.8660]
left, Pos: [-11.6089, 0.1690, 5.3331], Rot: [0.0000, -0.2588, 0.0000, 0.9659]
left, Pos: [-11.6089, 0.1690, 5.3331], Rot: [0.0000, 0.0000, 0.0000, 1.0000]
left, Pos: [-11.6089, 0.1690, 5.3331], Rot: [0.0000, 0.2588, 0.0000, 0.9659]
left, Pos: [-11.6089, 0.1690, 5.3331], Rot: [0.0000, 0.5000, 0.0000, 0.8660]
forward, Pos: [-11.8255, 0.1690, 5.2081], Rot: [0.0000, 0.5000, 0.0000, 0.8660]
forward, Pos: [-12.0420, 0.3144, 5.0831], Rot: [0.0000, 0.5000, 0.0000, 0.8660]
right, Pos: [-12.0420, 0.3144, 5.0831], Rot: [0.0000, 0.2588, 0.0000, 0.9659]
forward, Pos: [-12.1670, 0.3172, 4.8666], Rot: [0.0000, 0.2588, 0.0000, 0.9659]
right, Pos: [-12.1670, 0.3172, 4.8666], Rot: [0.0000, 0.0000, 0.0000, 1.0000]
right, Pos: [-12.1670, 0.3172, 4.8666], Rot: [0.0000, -0.2588, 0.0000, 0.9659]
forward, Pos: [-12.0420, 0.3838, 4.6501], Rot: [0.0000, -0.2588, 0.0000, 0.9659]
forward, Pos: [-11.9170, 0.5281, 4.4336], Rot: [0.0000, -0.2588, 0.0000, 0.9659]
stop, Pos: [-11.9170, 0.5281, 4.4336], Rot: [0.0000, -0.2588, 0.0000, 0.9659]
