START | Pos: [-0.7925, 0.1626, 1.5652] | Rot: [0.0000, 0.0000, 0.0000, 1.0000]
right, Pos: [-0.7925, 0.1626, 1.5652], Rot: [0.0000, -0.2588, 0.0000, 0.9659]
forward, Pos: [-0.6675, 0.1626, 1.3487], Rot: [0.0000, -0.2588, 0.0000, 0.9659]
forward, Pos: [-0.5425, 0.1626, 1.1322], Rot: [0.0000, -0.2588, 0.0000, 0.9659]
forward, Pos: [-0.4175, 0.1626, 0.9157], Rot: [0.0000, -0.2588, 0.0000, 0.9659]
forward, Pos: [-0.2925, 0.1626, 0.6991], Rot: [0.0000, -0.2588, 0.0000, 0.9659]
forward, Pos: [-0.1676, 0.1626, 0.4826], Rot: [0.0000, -0.2588, 0.0000, 0.9659]
forward, Pos: [-0.0426, 0.1626, 0.2661], Rot: [0.0000, -0.2588, 0.0000, 0.9659]
forward, Pos: [0.0824, 0.1626, 0.0496], Rot: [0.0000, -0.2588, 0.0000, 0.9659]
stop, Pos: [0.0824, 0.1626, 0.0496], Rot: [0.0000, -0.2588, 0.0000, 0.9659]
