START | Pos: [8.5089, 0.1141, -4.8624] | Rot: [0.0000, 0.0000, 0.0000, 1.0000]
left, Pos: [8.5089, 0.1141, -4.8624], Rot: [0.0000, 0.2588, 0.0000, 0.9659]
left, Pos: [8.5089, 0.1141, -4.8624], Rot: [0.0000, 0.5000, 0.0000, 0.8660]
forward, Pos: [8.2924, 0.1141, -4.9874], Rot: [0.0000, 0.5000, 0.0000, 0.8660]
forward, Pos: [8.0759, 0.1141, -5.1124], Rot: [0.0000, 0.5000, 0.0000, 0.8660]
forward, Pos: [7.8594, 0.1141, -5.2374], Rot: [0.0000, 0.5000, 0.0000, 0.8660]
forward, Pos: [7.6428, 0.1141, -5.3624], Rot: [0.0000, 0.5000, 0.0000, 0.8660]
forward, Pos: [7.4263, 0.1141, -5.4873], Rot: [0.0000, 0.5000, 0.0000, 0.8660]
forward, Pos: [7.2098, 0.1141, -5.6123], Rot: [0.0000, 0.5000, 0.0000, 0.8660]
stop, Pos: [7.2098, 0.1141, -5.6123], Rot: [0.0000, 0.5000, 0.0000, 0.8660]
