START | Pos: [-3.62003, 0.09346, 3.798] | Rot: [0.0000, 0.7071, 0.0000, 0.7071]
right, Pos: [-3.6200, 0.0935, 3.7980], Rot: [0.0000, 0.5000, 0.0000, 0.8660]
right, Pos: [-3.6200, 0.0935, 3.7980], Rot: [0.0000, 0.2588, 0.0000, 0.9659]
right, Pos: [-3.6200, 0.0935, 3.7980], Rot: [0.0000, 0.0000, 0.0000, 1.0000]
right, Pos: [-3.6200, 0.0935, 3.7980], Rot: [0.0000, -0.2588, 0.0000, 0.9659]
right, Pos: [-3.6200, 0.0935, 3.7980], Rot: [0.0000, -0.5000, 0.0000, 0.8660]
right, Pos: [-3.6200, 0.0935, 3.7980], Rot: [0.0000, -0.7071, 0.0000, 0.7071]
right, Pos: [-3.6200, 0.0935, 3.7980], Rot: [0.0000, -0.8660, 0.0000, 0.5000]
right, Pos: [-3.6200, 0.0935, 3.7980], Rot: [0.0000, -0.9659, 0.0000, 0.2588]
stop, Pos: [-3.6200, 0.0935, 3.7980], Rot: [0.0000, -0.9659, 0.0000, 0.2588]
