START | Pos: [7.159, 0.1632, 0.8948] | Rot: [0.0000, 0.0000, 0.0000, 1.0000]
right, Pos: [7.1590, 0.1633, 0.8948], Rot: [0.0000, -0.2588, 0.0000, 0.9659]
right, Pos: [7.1590, 0.1633, 0.8948], Rot: [0.0000, -0.5000, 0.0000, 0.8660]
right, Pos: [7.1590, 0.1633, 0.8948], Rot: [0.0000, -0.7071, 0.0000, 0.7071]
forward, Pos: [7.4090, 0.1633, 0.8948], Rot: [0.0000, -0.7071, 0.0000, 0.7071]
left, Pos: [7.4090, 0.1633, 0.8948], Rot: [0.0000, -0.5000, 0.0000, 0.8660]
left, Pos: [7.4090, 0.1633, 0.8948], Rot: [0.0000, -0.2588, 0.0000, 0.9659]
left, Pos: [7.4090, 0.1633, 0.8948], Rot: [0.0000, 0.0000, 0.0000, 1.0000]
forward, Pos: [7.4090, 0.1633, 0.6448], Rot: [0.0000, 0.0000, 0.0000, 1.0000]
stop, Pos: [7.4090, 0.1633, 0.6448], Rot: [0.0000, 0.0000, 0.0000, 1.0000]
