START | Pos: [1.8401, 0.16166, -1.93274] | Rot: [0.0000, -0.0000, 0.0000, -1.0000]
forward, Pos: [1.8401, 0.1617, -2.1827], Rot: [0.0000, -0.0000, 0.0000, -1.0000]
forward, Pos: [1.8401, 0.1617, -2.4327], Rot: [0.0000, -0.0000, 0.0000, -1.0000]
forward, Pos: [1.8401, 0.1617, -2.6827], Rot: [0.0000, -0.0000, 0.0000, -1.0000]
right, Pos: [1.8401, 0.1617, -2.6827], Rot: [0.0000, 0.2588, 0.0000, -0.9659]
right, Pos: [1.8401, 0.1617, -2.6827], Rot: [0.0000, 0.5000, 0.0000, -0.8660]
forward, Pos: [2.0566, 0.1617, -2.8077], Rot: [0.0000, 0.5000, 0.0000, -0.8660]
forward, Pos: [2.2731, 0.1617, -2.9327], Rot: [0.0000, 0.5000, 0.0000, -0.8660]
forward, Pos: [2.4896, 0.1617, -3.0577], Rot: [0.0000, 0.5000, 0.0000, -0.8660]
stop, Pos: [2.4896, 0.1617, -3.0577], Rot: [0.0000, 0.5000, 0.0000, -0.8660]
