START | Pos: [-11.85938, 0.18997, -11.50831] | Rot: [0.0000, -0.9659, 0.0000, 0.2588]
left, Pos: [-11.8594, 0.1900, -11.5083], Rot: [0.0000, -0.8660, 0.0000, 0.5000]
left, Pos: [-11.8594, 0.1900, -11.5083], Rot: [0.0000, -0.7071, 0.0000, 0.7071]
left, Pos: [-11.8594, 0.1900, -11.5083], Rot: [0.0000, -0.5000, 0.0000, 0.8660]
left, Pos: [-11.8594, 0.1900, -11.5083], Rot: [0.0000, -0.2588, 0.0000, 0.9659]
left, Pos: [-11.8594, 0.1900, -11.5083], Rot: [0.0000, 0.0000, 0.0000, 1.0000]
forward, Pos: [-11.8594, 0.1900, -11.7583], Rot: [0.0000, 0.0000, 0.0000, 1.0000]
forward, Pos: [-11.8594, 0.1900, -12.0083], Rot: [0.0000, 0.0000, 0.0000, 1.0000]
forward, Pos: [-11.8594, 0.1900, -12.2583], Rot: [0.0000, 0.0000, 0.0000, 1.0000]
stop, Pos: [-11.8594, 0.1900, -12.2583], Rot: [0.0000, 0.0000, 0.0000, 1.0000]
