START | Pos: [8.5089, 0.1141, -4.8624] | Rot: [0.0000, 0.7071, 0.0000, 0.7071]
left, Pos: [8.5089, 0.1141, -4.8624], Rot: [0.0000, 0.8660, 0.0000, 0.5000]
left, Pos: [8.5089, 0.1141, -4.8624], Rot: [0.0000, 0.9659, 0.0000, 0.2588]
left, Pos: [8.5089, 0.1141, -4.8624], Rot: [0.0000, 1.0000, 0.0000, -0.0000]
left, Pos: [8.5089, 0.1141, -4.8624], Rot: [0.0000, 0.9659, 0.0000, -0.2588]
left, Pos: [8.5089, 0.1141, -4.8624], Rot: [0.0000, 0.8660, 0.0000, -0.5000]
left, Pos: [8.5089, 0.1141, -4.8624], Rot: [0.0000, 0.7071, 0.0000, -0.7071]
left, Pos: [8.5089, 0.1141, -4.8624], Rot: [0.0000, 0.5000, 0.0000, -0.8660]
forward, Pos: [8.5600, 0.1141, -4.9822], Rot: [0.0000, 0.5000, 0.0000, -0.8660]
stop, Pos: [8.5600, 0.1141, -4.9822], Rot: [0.0000, 0.5000, 0.0000, -0.8660]
