START | Pos: [-9.11482, 0.18403, -9.8238] | Rot: [0.0000, -0.8660, 0.0000, 0.5000]
right, Pos: [-9.1148, 0.1840, -9.8238], Rot: [0.0000, -0.9659, 0.0000, 0.2588]
right, Pos: [-9.1148, 0.1840, -9.8238], Rot: [0.0000, -1.0000, 0.0000, 0.0000]
right, Pos: [-9.1148, 0.1840, -9.8238], Rot: [0.0000, -0.9659, 0.0000, -0.2588]
right, Pos: [-9.1148, 0.1840, -9.8238], Rot: [0.0000, -0.8660, 0.0000, -0.5000]
forward, Pos: [-9.3313, 0.1840, -9.6988], Rot: [0.0000, -0.8660, 0.0000, -0.5000]
forward, Pos: [-9.5478, 0.1840, -9.5738], Rot: [0.0000, -0.8660, 0.0000, -0.5000]
forward, Pos: [-9.7643, 0.1840, -9.4488], Rot: [0.0000, -0.8660, 0.0000, -0.5000]
forward, Pos: [-9.9808, 0.1840, -9.3238], Rot: [0.0000, -0.8660, 0.0000, -0.5000]
stop, Pos: [-9.9808, 0.1840, -9.3238], Rot: [0.0000, -0.8660, 0.0000, -0.5000]
