START | Pos: [-13.707, 0.08012, 8.04988] | Rot: [0.0000, -0.5000, 0.0000, 0.8660]
forward, Pos: [-13.4905, 0.0801, 7.9249], Rot: [0.0000, -0.5000, 0.0000, 0.8660]
forward, Pos: [-13.2740, 0.0801, 7.7999], Rot: [0.0000, -0.5000, 0.0000, 0.8660]
forward, Pos: [-13.0575, 0.0801, 7.6748], Rot: [0.0000, -0.5000, 0.0000, 0.8660]
forward, Pos: [-12.8410, 0.0801, 7.5498], Rot: [0.0000, -0.5000, 0.0000, 0.8660]
forward, Pos: [-12.6245, 0.0801, 7.4248], Rot: [0.0000, -0.5000, 0.0000, 0.8660]
right, Pos: [-12.6245, 0.0801, 7.4248], Rot: [0.0000, -0.7071, 0.0000, 0.7071]
right, Pos: [-12.6245, 0.0801, 7.4248], Rot: [0.0000, -0.8660, 0.0000, 0.5000]
forward, Pos: [-12.4080, 0.0801, 7.5498], Rot: [0.0000, -0.8660, 0.0000, 0.5000]
stop, Pos: [-12.4080, 0.0801, 7.5498], Rot: [0.0000, -0.8660, 0.0000, 0.5000]
