START | Pos: [-3.11759, 0.19118, -1.75868] | Rot: [0.0000, -0.8660, 0.0000, 0.5000]
left, Pos: [-3.1176, 0.1912, -1.7587], Rot: [0.0000, -0.7071, 0.0000, 0.7071]
left, Pos: [-3.1176, 0.1912, -1.7587], Rot: [0.0000, -0.5000, 0.0000, 0.8660]
forward, Pos: [-2.9011, 0.1912, -1.8837], Rot: [0.0000, -0.5000, 0.0000, 0.8660]
forward, Pos: [-2.6846, 0.1912, -2.0087], Rot: [0.0000, -0.5000, 0.0000, 0.8660]
right, Pos: [-2.6846, 0.1912, -2.0087], Rot: [0.0000, -0.7071, 0.0000, 0.7071]
forward, Pos: [-2.4346, 0.1912, -2.0087], Rot: [0.0000, -0.7071, 0.0000, 0.7071]
left, Pos: [-2.4346, 0.1912, -2.0087], Rot: [0.0000, -0.5000, 0.0000, 0.8660]
forward, Pos: [-2.2181, 0.1912, -2.1337], Rot: [0.0000, -0.5000, 0.0000, 0.8660]
stop, Pos: [-2.2181, 0.1912, -2.1337], Rot: [0.0000, -0.5000, 0.0000, 0.8660]
