START | Pos: [7.159, 0.1632, 0.8948] | Rot: [0.0000, 0.2588, 0.0000, -0.9659]
right, Pos: [7.1590, 0.1633, 0.8948], Rot: [0.0000, 0.5000, 0.0000, -0.8660]
right, Pos: [7.1590, 0.1633, 0.8948], Rot: [0.0000, 0.7071, 0.0000, -0.7071]
right, Pos: [7.1590, 0.1633, 0.8948], Rot: [0.0000, 0.8660, 0.0000, -0.5000]
forward, Pos: [7.3755, 0.1633, 1.0198], Rot: [0.0000, 0.8660, 0.0000, -0.5000]
left, Pos: [7.3755, 0.1633, 1.0198], Rot: [0.0000, 0.7071, 0.0000, -0.7071]
forward, Pos: [7.6255, 0.1633, 1.0198], Rot: [0.0000, 0.7071, 0.0000, -0.7071]
right, Pos: [7.6255, 0.1633, 1.0198], Rot: [0.0000, 0.8660, 0.0000, -0.5000]
forward, Pos: [7.8420, 0.1633, 1.1448], Rot: [0.0000, 0.8660, 0.0000, -0.5000]
stop, Pos: [7.8420, 0.1633, 1.1448], Rot: [0.0000, 0.8660, 0.0000, -0.5000]
