START | Pos: [-14.46642, 0.18403, -6.48453] | Rot: [0.0000, 1.0000, 0.0000, 0.0000]
forward, Pos: [-14.4664, 0.1840, -6.2345], Rot: [0.0000, 1.0000, 0.0000, 0.0000]
forward, Pos: [-14.4664, 0.1840, -5.9845], Rot: [0.0000, 1.0000, 0.0000, 0.0000]
forward, Pos: [-14.4664, 0.1840, -5.7345], Rot: [0.0000, 1.0000, 0.0000, 0.0000]
forward, Pos: [-14.4664, 0.1840, -5.4845], Rot: [0.0000, 1.0000, 0.0000, 0.0000]
right, Pos: [-14.4664, 0.1840, -5.4845], Rot: [0.0000, 0.9659, 0.0000, 0.2588]
forward, Pos: [-14.5914, 0.1840, -5.2680], Rot: [0.0000, 0.9659, 0.0000, 0.2588]
forward, Pos: [-14.7164, 0.1840, -5.0515], Rot: [0.0000, 0.9659, 0.0000, 0.2588]
left, Pos: [-14.7164, 0.1840, -5.0515], Rot: [0.0000, 1.0000, 0.0000, 0.0000]
stop, Pos: [-14.7164, 0.1840, -5.0515], Rot: [0.0000, 1.0000, 0.0000, 0.0000]
