START | Pos: [0.7158, 0.14281, -3.21363] | Rot: [0.0000, 0.9659, 0.0000, -0.2588]
left, Pos: [0.7158, 0.1428, -3.2136], Rot: [0.0000, 0.8660, 0.0000, -0.5000]
left, Pos: [0.7158, 0.1428, -3.2136], Rot: [0.0000, 0.7071, 0.0000, -0.7071]
left, Pos: [0.7158, 0.1428, -3.2136], Rot: [0.0000, 0.5000, 0.0000, -0.8660]
left, Pos: [0.7158, 0.1428, -3.2136], Rot: [0.0000, 0.2588, 0.0000, -0.9659]
forward, Pos: [0.8408, 0.1428, -3.4301], Rot: [0.0000, 0.2588, 0.0000, -0.9659]
forward, Pos: [0.9658, 0.1428, -3.6466], Rot: [0.0000, 0.2588, 0.0000, -0.9659]
forward, Pos: [1.0908, 0.1428, -3.8631], Rot: [0.0000, 0.2588, 0.0000, -0.9659]
left, Pos: [1.0908, 0.1428, -3.8631], Rot: [0.0000, 0.0000, 0.0000, -1.0000]
stop, Pos: [1.0908, 0.1428, -3.8631], Rot: [0.0000, 0.0000, 0.0000, -1.0000]
