START | Pos: [2.078, 0.029, -26.96813] | Rot: [0.0000, -0.8660, 0.0000, 0.5000]
right, Pos: [2.0780, 0.0296, -26.9681], Rot: [0.0000, -0.9659, 0.0000, 0.2588]
right, Pos: [2.0780, 0.0296, -26.9681], Rot: [0.0000, -1.0000, 0.0000, 0.0000]
forward, Pos: [2.0780, 0.0296, -26.7181], Rot: [0.0000, -1.0000, 0.0000, 0.0000]
forward, Pos: [2.0780, 0.0296, -26.4681], Rot: [0.0000, -1.0000, 0.0000, 0.0000]
right, Pos: [2.0780, 0.0296, -26.4681], Rot: [0.0000, -0.9659, 0.0000, -0.2588]
right, Pos: [2.0780, 0.0296, -26.4681], Rot: [0.0000, -0.8660, 0.0000, -0.5000]
right, Pos: [2.0780, 0.0296, -26.4681], Rot: [0.0000, -0.7071, 0.0000, -0.7071]
right, Pos: [2.0780, 0.0296, -26.4681], Rot: [0.0000, -0.5000, 0.0000, -0.8660]
stop, Pos: [2.0780, 0.0296, -26.4681], Rot: [0.0000, -0.5000, 0.0000, -0.8660]
