START | Pos: [2.078, 0.029, -26.96813] | Rot: [0.0000, -0.8660, 0.0000, -0.5000]
forward, Pos: [1.8615, 0.0296, -26.8431], Rot: [0.0000, -0.8660, 0.0000, -0.5000]
forward, Pos: [1.6450, 0.0296, -26.7181], Rot: [0.0000, -0.8660, 0.0000, -0.5000]
forward, Pos: [1.4285, 0.0296, -26.5931], Rot: [0.0000, -0.8660, 0.0000, -0.5000]
forward, Pos: [1.2120, 0.0296, -26.4681], Rot: [0.0000, -0.8660, 0.0000, -0.5000]
left, Pos: [1.2120, 0.0296, -26.4681], Rot: [0.0000, -0.9659, 0.0000, -0.2588]
left, Pos: [1.2120, 0.0296, -26.4681], Rot: [0.0000, -1.0000, 0.0000, 0.0000]
left, Pos: [1.2120, 0.0296, -26.4681], Rot: [0.0000, -0.9659, 0.0000, 0.2588]
left, Pos: [1.2120, 0.0296, -26.4681], Rot: [0.0000, -0.8660, 0.0000, 0.5000]
stop, Pos: [1.2120, 0.0296, -26.4681], Rot: [0.0000, -0.8660, 0.0000, 0.5000]
