START | Pos: [4.965, -2.8789, -0.03949] | Rot: [0.0000, 0.0000, 0.0000, 1.0000]
forward, Pos: [4.9650, -2.8791, -0.2895], Rot: [0.0000, 0.0000, 0.0000, 1.0000]
forward, Pos: [4.9650, -2.8791, -0.5395], Rot: [0.0000, 0.0000, 0.0000, 1.0000]
forward, Pos: [4.9650, -2.8791, -0.7895], Rot: [0.0000, 0.0000, 0.0000, 1.0000]
forward, Pos: [4.9650, -2.8791, -1.0395], Rot: [0.0000, 0.0000, 0.0000, 1.0000]
right, Pos: [4.9650, -2.8791, -1.0395], Rot: [0.0000, -0.2588, 0.0000, 0.9659]
forward, Pos: [5.0899, -2.8791, -1.2560], Rot: [0.0000, -0.2588, 0.0000, 0.9659]
forward, Pos: [5.2149, -2.8791, -1.4725], Rot: [0.0000, -0.2588, 0.0000, 0.9659]
forward, Pos: [5.3399, -2.8791, -1.6890], Rot: [0.0000, -0.2588, 0.0000, 0.9659]
stop, Pos: [5.3399, -2.8791, -1.6890], Rot: [0.0000, -0.2588, 0.0000, 0.9659]
